1
57
98
2 9
4 13
4 14
4 15
6 24
7 30
7 29
7 31
7 32
7 33
7 34
7 6
7 35
7 36
7 37
7 38
7 39
7 40
7 41
7 42
7 43
7 44
7 45
7 46
7 47
7 48
7 49
7 50
7 51
7 52
7 53
7 54
7 55
7 56
8 15
10 34
10 35
10 16
10 2
10 46
10 50
11 3
12 3
13 14
13 15
16 4
17 4
18 16
18 1
18 5
19 20
19 5
20 5
21 22
21 5
21 23
22 5
23 22
23 5
25 26
25 6
25 28
26 6
27 6
28 26
28 6
29 30
29 31
29 32
29 33
29 34
29 6
29 35
29 36
29 37
29 38
29 39
29 40
29 41
29 42
29 43
29 44
29 45
29 46
29 47
29 48
29 49
29 50
29 51
29 52
29 53
29 54
29 55
29 56
36 55
37 56
46 38
52 53
