16 188 425 802 


428 
24 1171 
1532 1533 1534 
651 697 
8 1142 1211 1405 1481 1482 
689 691 757 1211 
428 

45 117 
685 1142 1452 
1194 


515 
584 1572 1651 
9 572 
1053 
1053 
1053 1187 
1099 1414 
708 1053 

1183 
11 45 434 436 668 1451 
697 
29 1142 
28 714 1405 
8 372 415 710 1211 1405 1481 1482 

201 1006 1623 

36 1053 
34 
9 525 
475 476 

697 1099 1527 1639 
11 45 
1175 
117 162 422 804 1206 1542 
415 689 981 1507 1527 
415 1281 
11 
287 1170 
14 415 
14 37 
363 1183 

363 415 1183 
1142 
363 450 531 1183 
24 363 1183 
1122 1126 
683 1139 1150 1151 


159 

1396 1437 
995 

126 1142 
117 1052 
1324 
1236 
506 929 944 1368 1648 
894 1400 1635 
1356 1372 1395 
75 929 1014 1341 
1355 1356 1372 1395 1396 1576 
1142 1236 1647 
75 1396 
1396 

244 1236 1368 

1232 1237 1437 
584 1572 

95 1395 
96 898 1381 1414 1635 
785 
75 639 640 739 
382 422 653 726 1187 1355 1453 1576 1643 
785 1045 1651 
928 1399 1490 
277 639 640 683 739 931 
115 
1451 
93 928 1395 1399 1490 
917 928 1399 1490 
1564 
1395 1437 
589 898 1414 1645 
931 
117 494 
61 981 1437 
1437 1592 
1142 1478 
129 695 1431 1444 

105 106 
104 106 481 
104 105 481 
155 904 

162 163 177 

155 159 1591 
159 444 447 459 898 904 1354 1439 1630 1645 
117 1142 
117 
929 
162 164 1227 1258 
98 162 822 1227 
117 1258 
718 
167 363 1183 



162 1227 
587 832 888 889 907 908 1024 1396 
64 124 

501 503 817 1668 
102 1431 



1142 
1142 
1569 
479 
138 155 
137 155 
812 
150 917 918 981 

1142 
161 


140 

155 

96 140 983 
152 
151 156 577 904 
140 146 1006 
1548 
148 481 
1509 


111 851 1591 

143 685 1510 
163 281 416 1142 1227 1258 
162 
116 1648 



429 


683 1142 


951 
771 1322 
162 1227 
109 159 898 






117 450 

185 
193 198 377 1053 
0 425 
248 1347 
199 207 280 
192 268 
191 
187 198 525 1053 


33 395 1053 
205 235 277 279 283 482 632 1039 1053 1066 1128 1315 
187 193 215 259 291 475 476 
36 207 
256 287 546 733 1056 
202 280 717 877 1053 
201 717 877 
291 
871 875 1110 
197 277 
279 283 1039 1066 
199 1053 1142 

287 525 875 
1206 
276 356 379 
280 875 
801 
235 277 287 399 400 401 875 
363 801 1134 1183 
1287 
515 650 689 700 
235 277 280 
224 235 277 287 
224 235 277 287 

226 
235 251 
235 247 277 280 287 
280 
222 1142 1478 

276 

418 481 
237 
241 
279 

242 247 277 
1206 
231 
235 247 248 259 280 287 


232 291 
235 247 259 277 280 
268 
270 650 
248 

235 256 280 467 
263 1206 
1390 
208 
623 

208 1134 

263 
280 287 
235 247 256 259 270 
248 279 
270 298 350 867 
287 
273 277 871 
248 
255 259 
539 
277 

525 

235 277 
259 

259 270 
261 871 

279 287 1087 
162 
235 242 244 256 263 
238 
283 
235 277 577 727 1110 1142 
162 268 418 481 1227 1258 1359 
224 256 287 
279 

286 584 1572 
235 277 280 285 
235 247 275 280 1087 
251 

311 632 
265 863 1467 1532 1533 1534 
293 584 1142 1572 
292 1142 
233 270 275 
309 
341 
1053 
235 277 280 1142 
249 356 
279 
982 
342 
275 287 341 
306 358 968 
201 287 341 717 877 
304 358 1355 1576 
322 336 339 340 1099 
321 333 360 
280 295 
341 1051 
290 291 867 
311 354 867 
417 781 
117 344 572 
287 305 321 341 584 1572 
341 
331 
315 358 767 
140 
417 516 517 781 1217 

32 307 336 339 340 812 867 
330 337 
325 352 967 983 1142 
352 967 983 1512 
325 352 354 967 968 983 
308 316 360 417 781 
417 781 
326 
323 350 354 801 
342 350 355 358 717 
8 337 1211 
341 
75 459 
584 851 1142 1395 1572 
307 322 339 340 

325 352 
8 307 322 325 333 336 340 352 967 983 1211 1651 
288 307 308 322 336 339 345 360 801 982 1651 
201 287 717 
287 718 881 

32 314 322 867 

159 287 342 

117 349 350 1133 
117 348 350 1133 
348 349 683 981 
32 208 235 247 277 280 354 383 
325 982 1512 
756 767 967 968 970 983 1236 

677 
211 279 283 379 415 

304 306 331 
1451 
308 
36 431 525 1139 1173 
367 1053 
54 1183 
1053 
361 431 1173 

362 

525 1039 1053 1066 
363 371 372 564 1045 1053 1183 
370 372 416 1542 
370 371 
1414 
375 415 
374 1099 1128 
428 1053 1315 
187 623 
415 462 
211 356 1049 
525 1053 1142 
385 387 
187 377 1187 
387 415 1142 

363 1183 
240 1281 

404 1142 
287 1053 
1142 
1142 


395 
196 394 
380 733 

1053 1314 
400 401 1287 
399 401 415 
399 400 428 1053 
403 
402 
388 

287 1142 1220 1226 1286 





428 
428 1142 1286 
697 1224 
1099 
415 1453 1498 
781 929 1099 
186 281 475 476 481 1053 1359 

155 415 421 791 
415 416 420 791 
415 1142 1281 1532 1533 1534 
419 430 
432 1053 
0 155 188 1142 
428 1053 
428 


423 1118 1119 
361 1173 
424 

26 668 688 
33 
8 26 416 420 421 471 472 791 1035 1142 1211 
559 560 1142 1187 

1099 
416 443 474 475 476 479 577 1208 1330 1507 1527 
416 440 450 1053 1330 
697 1053 
155 448 1142 1528 
8 415 447 796 1211 1535 
755 
363 1183 
444 565 1340 1349 1527 1599 
39 479 1639 
1535 
415 440 452 605 
1175 
450 786 1527 
1157 1201 
1142 1204 1205 1206 1507 1527 
608 1612 1643 
467 1281 
1142 
1535 
475 476 
796 1452 1496 

378 464 

462 546 1056 
1 


689 692 693 1079 1080 1103 
186 1053 
1 525 864 1128 1165 1281 
436 472 1142 
436 471 1142 
418 481 1142 
481 
459 476 479 604 1142 
459 475 604 1142 1478 
470 
155 470 843 921 1348 1611 
136 
694 1617 
281 418 1359 

486 495 1142 
71 117 
342 718 881 
483 495 
806 820 
577 1208 1452 
498 990 991 
928 1399 1465 1490 

1667 
1437 
98 117 487 
483 486 
995 1024 
825 922 1648 



128 817 
1635 
128 1648 
584 929 1572 
117 148 685 1227 1652 1674 
814 1236 1648 
999 1000 


514 816 
530 
528 563 
534 
256 459 517 530 816 1051 
16 658 671 672 675 688 967 983 
320 517 523 
320 516 520 1182 
415 565 981 1349 1601 1619 
1038 1057 1064 1142 1175 
525 538 623 816 1053 
522 816 
521 816 

540 
1139 1184 
1079 1080 1103 


385 563 565 1053 1349 
812 
532 1053 1175 1324 
33 864 882 1175 

513 
816 
525 

520 816 1053 
264 541 553 1053 
524 1053 
463 523 539 553 816 981 1051 




816 1056 
549 
1612 
547 

528 557 
530 
467 539 541 
513 534 


551 

560 
559 



363 415 450 565 806 981 1183 1281 1349 1626 
415 455 608 621 820 1349 1354 
675 1110 1142 

415 577 615 727 1498 1507 1527 
585 1516 
1053 
582 1498 1511 1527 1614 1622 
450 1053 
864 980 1367 1368 1369 1370 
598 1053 
32 
350 599 600 1507 1512 1527 
280 488 615 727 1208 1358 1647 
577 674 714 
1099 


584 1527 1572 1614 1622 
565 727 1349 
504 864 981 1498 1509 1572 
355 1516 

888 917 1010 1355 1414 1649 
897 1008 
96 
584 815 1568 1572 1651 
584 1339 1376 1572 
576 599 600 894 1400 1622 
415 577 1053 1281 1527 
415 1053 1527 
8 415 1211 
1053 

574 689 
576 600 1498 1527 
576 599 1498 1507 1527 

422 1142 

606 

604 1626 
455 608 689 695 1444 
415 455 1528 
415 1498 
415 1498 1527 
415 612 1498 
156 415 611 685 1053 1498 
582 614 1053 1498 1614 1622 
585 613 795 864 882 1516 
565 577 585 1053 1349 1358 1502 1516 
577 584 585 604 617 1227 1516 1572 
422 585 616 1498 1516 

897 928 931 1399 1490 
1527 
1376 1588 
96 1370 
251 
689 767 


140 1236 
629 
628 682 697 967 968 983 
158 
689 
415 1061 
704 710 1142 
186 635 702 728 1053 
634 728 1053 
531 632 1175 
1139 1142 1175 
651 697 
358 640 739 801 
353 639 739 756 

801 1099 
1099 
1099 
1086 1099 1107 1145 1146 
1086 1099 1107 1145 1146 
747 748 1207 
56 689 753 
689 753 
25 208 244 350 639 640 661 689 739 757 862 1183 


632 702 726 


417 733 781 
757 1130 1153 
688 697 


244 650 801 862 

117 

1175 
117 264 1142 

26 155 186 420 421 434 791 
658 688 
450 
672 
671 
566 741 
578 658 688 1170 1206 1220 1226 1451 
566 1079 1080 1103 1110 
415 1053 
355 1139 
325 352 679 967 968 983 
325 352 572 678 967 968 983 


1405 1481 1482 

420 421 791 1142 

415 
632 1062 1175 
658 

655 
774 
693 774 
692 
480 1053 
689 774 1444 
689 929 
572 
1110 1117 


1110 
475 476 1110 

633 1085 1142 

981 

422 
1099 1117 
651 
714 
714 


415 1175 1283 
342 428 633 704 718 881 967 982 983 
201 202 877 1258 
162 201 342 717 877 881 

721 
720 
723 1053 
361 431 722 1053 1173 
437 
632 1196 
32 653 
280 481 577 
525 634 635 1053 

428 1053 

475 476 777 
1 656 

253 422 525 
1175 


639 640 983 



1142 
415 689 708 1170 


748 797 1207 
747 1207 
363 1183 
751 
750 

56 747 748 1207 
1142 
1098 1137 1138 1139 1140 1155 
353 767 967 983 
350 450 801 

968 1461 
298 795 864 868 874 882 
348 349 350 354 450 762 
350 354 450 761 
771 835 

117 
117 
326 1663 
1137 1138 1139 1140 


175 422 763 1322 
1142 1405 1481 1482 1586 
1110 
1142 

632 
363 475 476 714 732 1183 
1175 
578 685 
8 415 1211 1532 1533 1534 
417 801 1134 

459 577 1208 
450 585 803 1498 1516 1590 
415 416 727 1280 
452 1498 

422 
422 

420 421 
75 

42 372 1528 
117 415 864 882 
415 460 1496 


415 422 481 573 
415 
697 
584 885 1572 
585 784 1498 1516 1590 1642 
795 1037 1206 1484 1542 
39 481 1236 1630 1639 

809 1295 
1038 1057 1295 1303 1326 
807 

8 117 1211 
1046 1356 1372 1654 1659 
75 584 844 1473 1572 
1635 
590 1568 
546 
128 501 
1142 1606 
973 
689 1142 1157 
894 1400 

948 
832 885 995 
919 1395 
1142 1668 
584 1572 
831 843 921 922 1348 
898 1645 

70 922 1010 1253 1258 1564 1648 
819 824 1251 1465 
923 924 
1142 
763 1142 
1142 1357 
922 1648 
117 911 
96 1396 
864 882 


921 1348 1396 1465 
813 1142 1473 1478 
847 

845 1142 
117 
853 
1395 
159 335 
911 
849 
990 991 1002 1021 1485 1668 


858 
857 
917 1142 
994 1018 1439 

235 244 289 354 650 661 689 695 1444 
212 1467 
257 470 795 882 981 1281 1556 1637 


291 311 


235 277 632 
261 273 685 1373 1588 
208 350 650 727 801 
244 650 
867 
1206 
1283 
201 202 717 
880 
1410 
201 252 877 878 881 
342 718 
248 795 864 931 1157 1201 1206 
224 225 232 257 287 867 875 884 1436 
8 67 68 244 259 795 863 864 882 883 1211 1467 

1037 1156 1460 
590 893 898 1390 1645 
587 907 1010 
894 897 908 1022 1649 

892 894 939 1400 
812 891 894 939 1400 
69 1414 
1400 

76 904 1649 

1356 1381 1414 1645 1655 
894 1400 
134 894 1354 1400 
1395 
903 
902 
1605 
69 
812 1354 
1008 1395 
159 889 915 917 1329 
812 861 1024 

852 1395 
1374 1395 

1395 
888 908 956 1327 1651 

908 911 918 929 1008 1329 
917 1396 
825 897 
894 1396 1400 1435 
843 894 1348 1439 
812 996 1010 1648 
832 924 1395 1396 1465 
584 917 923 1010 1395 1564 1572 
115 922 1395 1439 
917 1024 
69 1635 
1395 1399 1490 1564 

911 
1329 
898 1009 1645 
585 1516 
935 936 
898 934 936 1645 
934 935 
897 1414 1631 
1654 
891 892 

1372 


68 795 812 864 882 



823 


952 
951 
1053 

1220 1226 
70 915 1327 1651 
353 756 967 968 983 
898 
960 
422 
968 

968 

96 1395 1441 
325 352 967 970 982 983 
325 352 968 982 983 984 
353 756 898 978 985 989 1234 
968 970 973 983 985 
633 704 969 973 985 

75 95 490 491 967 983 1395 
969 970 985 


685 



573 1367 1368 1369 1370 
140 235 350 1356 1372 

967 984 
967 983 
968 969 970 973 
983 
1258 

968 983 1234 
854 991 1002 1021 
854 990 1002 1021 

584 812 995 1024 1564 1572 
860 1018 
1024 1142 
922 1648 
998 
96 996 997 1002 1654 
507 1000 1258 
422 507 912 917 918 922 999 1564 1648 
1142 1262 
812 854 990 991 1021 1564 
922 
888 1010 1024 1468 

32 

907 

587 888 924 1564 1654 


115 812 1395 1435 
71 565 1341 1349 
1142 


860 994 
894 1400 
995 
854 990 991 1002 
889 
860 894 1264 1268 1400 
909 995 1266 
117 


117 

1031 
1030 
72 
584 1563 1572 

436 
623 1142 
886 981 1072 1079 1080 1091 1103 1156 
428 687 1057 1175 
1066 
1142 
525 1059 
235 277 
546 687 1056 

415 475 476 564 
812 1142 1659 
1324 
632 687 1053 1061 1062 1174 1196 
379 383 1190 
32 102 450 459 889 1051 1354 1395 1414 1443 1631 
310 1443 
65 1061 1196 1300 


525 
546 1061 
1038 1196 1300 
363 1183 
117 

525 996 1048 
687 1175 
1045 1258 
1142 
363 755 1183 
1039 
1068 1139 
1067 
1079 1080 1103 1117 1139 

1073 

1071 
24 428 

1079 1080 1103 
1087 1116 
1099 
1080 1103 1114 
1079 1103 
1110 1117 
1110 

1079 1080 1103 1110 

1107 1145 1146 
275 287 1077 1116 1206 


1312 1313 
54 437 525 1085 1122 1139 1142 1300 
605 1053 
1094 1107 1144 
1053 1093 
1142 


755 1155 
929 

350 
350 
1079 1080 
1142 
1142 
1142 
1086 1142 1144 1145 1146 
1107 
1107 1110 1142 1144 1147 1148 1149 
1147 1148 1149 

1079 1080 1103 


1129 
1077 1085 1087 1142 1150 1151 

1119 
1118 
1099 1117 

428 1153 
1079 1080 1086 1103 1107 1142 1145 1146 


55 

525 1139 
1062 1079 1080 1103 1115 1142 
657 755 1079 1080 1103 1153 


186 348 349 354 
253 


1110 1138 1139 1140 1147 1148 1149 
1137 1139 1140 
525 1137 1138 1140 1184 
1137 1138 1139 1142 
1142 
1117 1150 1151 1478 
1142 
1107 1142 
1085 1086 1107 1142 1144 1146 
1086 1107 1142 1145 
1110 1148 1149 
1110 1142 1147 1149 
1110 1147 1148 
1151 
1079 1080 1103 1140 1142 1150 
1107 1140 1142 1144 
657 1130 
1142 
755 1098 
886 1037 1142 
155 498 820 1201 

1053 
428 1053 1066 

700 
454 1204 1205 1206 
528 1166 
428 1192 
1187 

19 
1079 1080 1103 
744 
4 24 
36 54 
187 361 377 379 431 437 1049 1174 
1498 
665 1142 
428 564 1142 1196 
481 1556 1637 
1236 
428 


21 517 
25 54 363 383 1053 1532 1533 1534 
9 525 1139 1165 
354 708 710 
428 459 525 
382 
1077 


54 363 1085 1183 1190 
1165 
1556 1637 
1053 

1052 
186 1142 
1224 
1170 
531 651 710 1099 1175 
450 1157 1193 1528 1643 
415 450 482 564 623 
1165 
454 697 1205 
350 454 697 1099 1204 
162 236 248 363 450 452 454 804 1183 1204 1205 1258 1542 
454 747 748 1204 1205 
481 488 577 
8 350 981 1142 1211 
687 1062 1175 
8 515 
124 822 
685 
415 
1643 
665 1175 
320 
342 718 767 881 1372 
923 924 1528 
1226 
494 
317 416 1157 1201 
1170 1217 1238 1643 
1198 

1220 
162 281 1258 

1236 1247 
1258 

79 1237 

968 989 

757 1178 
79 353 756 968 1232 


767 

1024 1250 1268 1439 
812 1244 
1243 

1257 

1024 
1261 
417 757 781 816 879 1242 
832 1465 
1243 1244 
815 829 843 921 1243 1244 1348 
819 


1246 
162 281 1227 

1261 
685 

162 
898 1023 1142 1268 1576 1645 

1024 1265 
463 
1023 1264 
876 1272 1286 
1273 
1142 

1270 
8 1211 
363 379 550 1049 1053 1165 1183 
1277 1279 
1269 1276 
1061 
415 450 482 1286 

363 470 564 801 864 929 1099 1183 

876 
1053 
1099 1128 
413 1318 

372 
1053 1295 
1295 
1053 
1038 1057 1295 
1038 1057 1295 

1300 1303 1309 1319 1322 1324 1325 1326 
415 1298 1299 
1099 1314 
415 1079 1080 1103 1296 1299 
1296 1298 

550 1128 1165 1286 

1295 1326 
415 895 922 1295 1303 1324 1326 

1320 

1295 1324 1325 
158 1319 1322 1325 
623 

1090 1142 1313 
1090 1142 1312 
428 651 1053 1099 1165 1315 
550 1053 1142 1314 

1142 
1286 
1276 1277 1309 1322 1325 
1306 
1142 
175 771 1140 1142 1309 1319 1320 1325 
1324 
1295 1303 1326 
1308 1309 1319 1322 
1117 1295 1303 1324 
915 956 1651 
1498 1556 1637 
96 455 608 908 917 1360 
156 281 481 586 685 
587 1334 1335 1355 1379 1414 
1331 
75 1051 
1335 
8 1211 1334 
1142 1331 1385 1412 1478 
1142 1336 
795 864 882 
255 584 1142 1572 
159 470 565 577 727 864 898 1142 1281 1349 1354 1414 1478 
71 459 590 1014 1142 1295 1355 1478 1576 
1344 1345 1380 1385 
95 898 1395 1635 
1342 1345 1380 1385 
898 1342 1344 1380 1385 1645 
69 1383 1403 
894 1386 1395 1396 1400 1409 1635 
843 921 
565 1409 
1207 1674 
1344 1385 
277 1142 1369 1413 
928 1142 1397 1399 1403 1414 1490 1635 

306 587 1414 1576 
587 615 1142 1341 1355 1372 1385 1414 
836 1339 1385 1414 1598 
577 615 1396 1414 
281 418 481 

587 1355 1414 

1142 1373 1588 
801 1142 

1355 1414 1576 1598 
162 573 843 898 921 928 980 1342 1348 1368 1369 1370 1385 1396 1399 1465 1490 1635 1645 
573 980 1367 1369 1370 1374 1395 
143 161 573 980 981 1206 1352 1367 1368 1370 1413 1512 1635 
573 980 1367 1368 1369 1383 1384 1498 
117 1142 
795 864 882 1356 1395 
1588 
912 1368 

577 591 621 1498 1588 
976 1414 1598 1610 
917 1465 
1142 1331 
1342 1344 1345 1385 1396 
898 1370 1383 1384 1414 1598 

481 586 1346 1370 1384 1403 
577 1370 1373 1383 1498 1588 
934 935 936 1342 1344 1345 1352 1380 1635 
69 71 96 894 1347 1395 1400 
1396 
1389 

249 1635 
1388 1396 

894 1394 1400 
1142 1372 1393 
95 1355 1396 1411 1414 1576 1598 
1356 
1353 1355 1396 1403 1576 
1498 
186 587 928 1355 1395 1401 1414 1490 1598 
69 894 1142 1478 1622 1635 
898 928 1399 1435 1490 1645 
1395 
455 608 1346 1353 1383 1396 1397 
801 1099 1405 1460 
1373 1404 1481 1482 1588 
980 
140 1373 1588 

8 1211 1349 
143 161 832 981 1142 1206 1342 1369 1385 1469 1478 1512 1635 
1412 
1142 1331 1336 1385 1411 
1352 1369 1635 
587 898 1349 1355 1598 1645 
1351 
1622 
93 162 889 894 1022 1208 1227 1400 
531 1175 

259 584 795 832 864 882 1572 1631 1654 
931 
345 764 1051 

565 1349 
235 277 1671 1672 
1320 
1276 1277 
981 1439 
917 931 1439 
889 1022 1564 1647 1649 
102 129 565 1349 




883 1609 
61 

96 860 

965 
96 
1050 1170 1509 1618 1621 
695 755 

8 1142 1211 1415 1447 1474 1542 
8 1211 1446 1474 
1500 
450 1142 1502 
1512 
91 981 1415 1484 1542 
1142 1470 1498 1531 
140 156 415 577 615 1053 1206 1390 1527 1542 
1455 1456 
186 898 1454 1456 1645 
1454 1455 
8 415 586 1142 1211 1507 1527 
415 1053 
415 755 

350 450 


1466 
156 685 832 1251 

422 481 863 1465 


1452 1475 1531 1542 
1142 
8 1142 1211 1542 
813 844 
1142 1446 1447 1478 1542 
8 1142 1211 1414 1451 1478 1542 1648 
812 1542 
1142 1410 1415 1478 
1142 
1389 

801 1405 1482 
450 1405 1481 

240 1206 1355 1469 
854 1528 
685 1510 1528 
1486 

156 450 577 685 1358 1465 1490 
450 928 1399 1489 
1206 1452 1504 1528 1542 
450 
1494 
1493 

460 796 
117 
1630 
1498 1501 1504 
1448 
1499 

1538 
1281 1512 
754 1461 
353 1461 
1527 
1142 1478 1498 1502 
1443 1507 1527 1618 1621 
240 577 1486 1502 
1498 
325 352 685 


1236 
585 
420 421 791 
806 1157 1201 
806 
415 1206 1528 
129 422 450 459 864 1117 

450 452 1528 

1526 1528 1531 1542 
804 1206 1507 1525 1527 1528 1531 1542 
415 1142 1507 1528 
1142 1527 

1527 1528 
8 804 1206 1211 1405 1452 1470 1481 1482 1525 1526 1527 1528 1542 
1533 1534 
420 421 791 1528 1532 1534 1643 
1142 1532 1533 
422 458 1528 
1535 1539 

8 1211 1503 1527 
838 1536 

1535 1609 
804 1206 
481 804 1206 1208 1542 1643 
1527 
863 1467 1643 
1009 

584 917 1354 1355 1356 1372 1564 1572 
75 
1668 
1668 

382 470 481 565 815 864 981 1142 1187 1349 1556 1637 

420 421 791 1528 
212 248 276 863 1467 1637 
898 1556 1637 1645 
450 
416 
1528 

735 1157 1201 1206 1219 1556 1637 
117 1033 
898 924 1010 1414 1645 



455 587 590 608 815 898 1355 1367 1368 1369 1370 1414 1645 
135 


504 584 
584 1572 1574 
864 882 1573 
455 481 608 898 1498 1607 1645 
71 306 590 832 1236 1355 1414 1435 1568 1598 

96 584 1142 1572 1612 1639 
1142 1569 1580 
584 1572 1579 
149 1498 
585 1053 1516 
155 

415 417 781 1373 1405 1588 


621 1373 1376 
1584 
803 1515 1566 1642 
111 128 159 
100 159 
159 898 
156 481 1542 1595 1596 1597 
1542 1594 1596 1597 
1594 1595 1597 
1414 1594 1595 1596 
1355 1414 1576 
615 
140 1045 1281 1599 1643 
8 518 1211 1619 
584 1236 1572 1603 
584 1572 1602 

904 931 1142 1478 
818 1142 1637 
796 1498 1504 
155 1142 1478 1542 
96 459 1356 1372 1541 
1415 1465 1498 
478 1498 1507 1527 
156 548 
416 1453 1498 
422 582 1053 1493 1494 1622 
156 
162 475 476 
480 
1443 1509 1621 
518 1594 1595 1596 1597 1601 
590 815 898 1236 1355 1414 1576 1598 
8 140 150 584 1211 1435 1443 1509 1572 1618 1643 
582 584 1572 1614 1654 
32 565 1349 
481 1414 
1627 
564 565 1330 1349 
898 1625 
1142 

156 
159 481 815 
898 1645 
1368 
473 1405 1481 1482 1594 1595 1596 1597 1599 
894 1576 
1396 
140 1236 1414 1556 1598 1606 
155 
39 140 422 440 450 805 1594 1595 1596 1597 
96 481 1607 

8 803 1211 1590 
1376 
75 1675 1676 1677 
898 1414 
1227 
1356 1372 
503 506 584 590 814 922 990 991 996 1435 1572 
117 896 
1142 
257 813 915 956 1142 1327 
1674 
990 991 
812 990 991 
117 
1142 1668 


812 1046 1142 1405 1478 1481 1482 


981 
767 1651 



492 
128 

98 117 
1142 1236 1672 
1142 1236 1671 
1142 
1652 
417 781 1405 1481 1482 1676 1677 
417 781 1405 1481 1482 1675 1677 
417 781 1405 1481 1482 1675 1676 
