188 425 
465 470 733 


1171 



7 30 332 339 436 444 595 780 811 884 1209 1211 1274 1335 1409 1446 1447 1457 1472 1475 1531 1538 1601 1621 1642 
18 36 1184 

26 40 45 


47 48 

0 515 


1168 

1182 


4 54 1074 1171 
650 1183 
434 436 668 

29 
28 


322 344 351 575 726 1006 1050 1623 
196 435 532 
35 

34 199 361 1172 
48 

448 805 1639 


794 


11 26 40 








363 1091 1172 1183 1191 
1126 
648 753 




99 1437 


126 
1052 

884 
884 944 
893 905 927 1346 1386 1400 
831 956 
484 1014 1341 1386 1576 
1032 


71 74 85 334 792 813 972 1333 1549 1644 
896 


1232 1237 











1451 

92 1417 

82 972 1343 1395 
83 150 589 622 839 965 998 1329 1386 1439 1442 1578 1609 1640 

117 494 1670 

1592 

129 1050 1431 

105 106 
104 106 
104 105 


177 

159 1591 



90 925 1013 
164 
98 11 42 65 113 114 118 184 314 348 349 484 494 505 663 666 765 766 795 811 838 848 1025 1028 1059 1371 1497 1563 1649 1655 1670 






126 1212 

64 

501 503 817 1591 1668 
102 1431 1521 




900 
1569 
479 
138 
137 

146 150 153 319 627 981 1407 1453 1600 1621 1637 1639 


161 1369 1410 


153 

155 505 
1581 
140 1621 
152 
151 


148 107 111 137 138 420 425 443 478 668 1157 1583 1608 1638 
152 612 1330 1453 1465 1489 1594 1612 1615 1630 

630 1309 
111 59 112 177 346 851 908 1340 1591 1592 1593 1631 

143 1369 1410 
42 109 116 117 124 163 176 276 281 718 1206 1227 1258 1263 1367 1417 1616 
162 109 
116 


120 







771 1322 

109 







186 
418 469 634 668 1133 1197 1399 1455 
193 198 377 382 1173 
0 425 


192 
191 
187 198 


395 
205 
187 193 
190 207 

32 202 305 341 717 718 877 880 
201 717 877 


197 

199 190 
250 253 351 650 872 


356 379 
863 1556 


198 






226 

219 220 282 883 
883 
222 




237 
241 883 
294 

197 214 218 219 220 223 224 238 242 247 257 269 277 280 286 287 298 351 862 870 981 1042 1425 
1206 
231 
278 

386 1484 1510 
232 
235 277 

77 277 650 661 862 873 884 


235 224 238 242 257 287 351 
189 238 245 258 262 882 1206 1556 
299 1390 

223 288 623 
880 
735 1134 

263 1339 
200 247 257 277 282 514 
864 883 1651 

198 238 242 257 263 270 272 884 1420 

273 871 

255 248 277 
539 666 
291 


191 243 281 

259 244 257 272 294 


261 871 

287 294 303 1087 
211 228 1556 
235 242 89 197 205 214 218 219 220 224 261 265 269 280 286 298 351 870 1042 1352 1425 

197 206 233 258 275 283 300 356 
190 201 212 218 224 225 238 242 247 256 286 287 298 309 351 577 727 
162 418 481 1227 1258 1330 1359 

279 197 206 356 

286 
285 
275 46 200 209 214 219 220 224 238 256 260 282 303 305 315 341 342 346 389 406 883 1087 
340 
862 
311 
198 203 241 311 867 
293 
292 

309 


259 760 





306 358 
315 
304 358 1355 1576 
322 336 339 340 
327 340 360 
295 
1051 
290 312 867 


344 
318 
327 
1222 


516 517 1217 
308 315 
307 336 339 340 344 
330 

324 326 338 339 352 678 679 966 967 1512 
329 767 



323 
317 358 

308 339 

851 
307 322 339 340 
323 332 

307 322 336 340 
307 322 336 339 
296 303 305 310 315 316 333 
302 331 346 485 716 718 881 1218 

314 
340 1422 


349 350 761 1133 
348 350 761 1133 
259 330 331 348 349 576 650 757 761 762 872 981 1101 1102 1205 1209 1461 

325 324 326 338 339 678 679 966 967 1512 
640 756 957 968 1237 1506 
312 326 330 351 761 762 862 1133 1185 
331 585 677 
211 299 379 

304 306 331 318 639 

308 327 340 
365 431 723 1173 
367 
54 49 51 53 120 215 370 385 446 564 749 777 1058 1065 1183 1191 1206 1275 1281 



362 


371 372 
370 372 
370 371 30 794 1288 

375 
374 

187 382 1173 
462 
211 356 1049 1173 1275 
396 

86 1187 1553 
351 1049 1183 

381 529 

381 383 
404 





395 
196 394 



214 400 401 
399 214 401 
399 400 214 
403 
402 
388 








1286 

30 43 44 47 51 356 374 378 383 400 416 420 421 422 444 450 518 564 565 568 593 594 595 608 609 610 611 612 632 676 686 715 744 780 785 795 796 799 800 1045 1202 1214 1279 1296 1298 1304 1453 1457 1458 1459 1520 1527 1585 
162 371 421 436 440 441 785 1222 1559 1613 
313 320 327 328 656 781 1250 1585 1675 1676 1677 
281 230 473 481 1359 
423 
421 436 668 684 791 1517 1533 1555 
420 436 668 684 791 1517 1533 1555 
42 86 602 617 708 735 771 788 789 799 960 1000 1467 1521 1535 1614 1639 
430 
432 
0 188 


3 9 376 401 412 413 426 427 716 730 1038 1074 1122 1160 1165 1176 1179 1186 1314 
168 
423 
361 365 723 1173 
424 

26 668 

26 471 472 1035 
724 1091 1173 


441 450 1639 


440 
112 447 


444 112 
443 

53 184 441 452 564 572 670 757 761 762 784 1050 1201 1202 1206 1279 1449 1461 1482 1489 1490 1492 1521 1523 1558 1639 

450 786 1206 1523 

1163 1204 1205 1206 1207 
565 607 608 1329 1403 1568 1575 


1535 
112 334 475 476 514 783 1050 1186 1341 1521 1609 
796 1496 

378 464 
541 1267 
462 


247 456 553 


477 478 864 1281 1340 1553 
436 472 
436 471 
1634 
440 
459 37 198 418 440 476 702 732 777 1045 1616 
459 475 37 198 418 440 702 732 777 1045 1616 

1611 
136 440 448 475 
694 1617 
281 418 105 106 155 230 473 474 727 799 805 1177 1208 1330 1359 1383 1467 1543 1553 1575 1594 1624 1631 1640 
197 1202 1279 
486 495 


483 495 
494 
577 1208 

972 
972 
1667 

98 1221 
483 486 


489 1157 


128 817 

128 1648 
584 1572 

68 1648 
999 1000 





534 554 
510 
16 217 1211 
320 517 
320 516 514 1182 
1601 1619 

517 538 
522 
521 
516 541 
540 
36 193 209 267 361 369 380 470 520 536 728 735 1041 1055 1061 1091 1128 1139 1184 1186 


512 551 1164 

511 514 552 
53 636 1200 1418 
531 

513 554 



520 
264 541 553 
524 
539 553 




200 464 816 1043 1056 
549 
1612 
547 
1275 1301 1315 
557 

539 541 



551 

437 560 
559 437 


512 529 
370 1045 1176 1202 1281 1626 
447 518 529 564 583 615 1014 1340 1349 1424 1431 1553 1623 1626 
673 675 





18 314 679 697 
799 980 1367 1368 1369 1370 
598 

592 599 600 
280 488 152 440 568 578 593 615 616 727 783 1208 1340 1358 1376 1384 1453 1489 1510 
674 779 



571 613 1614 1622 

504 17 80 285 292 315 335 582 590 591 616 802 813 827 924 993 1033 1339 1420 1548 1572 1573 1578 1580 1602 1603 1621 1622 1648 
569 614 615 616 617 784 803 933 1516 1582 
1330 1383 1457 
125 888 1010 1331 1355 1356 1361 1399 1414 1568 

96 
815 887 1341 1568 1576 1620 1648 
1376 






574 
576 592 600 
576 599 592 



475 476 606 616 
450 1092 
604 

455 565 607 1329 1403 1568 1575 


612 
611 
614 
613 
577 568 1356 1358 1453 1599 
617 
616 



565 1376 1588 

251 377 520 1036 1202 1310 




629 
628 


197 290 636 653 687 725 776 870 1048 
704 716 970 
635 728 
634 728 



85 89 640 650 739 
639 85 89 650 739 









244 217 661 862 872 873 
6 638 710 1200 1314 

86 726 

690 
733 
1130 1153 
515 669 674 688 


650 862 



1175 1216 


26 434 


515 672 
671 515 

578 
515 566 

355 
679 
678 


629 
56 89 171 350 

12 161 505 612 779 871 976 1213 1261 1330 1465 1486 1489 1512 

1038 1043 1048 1062 1210 
658 434 515 669 674 
8 43 217 468 598 607 624 631 648 649 650 695 696 744 820 862 

8 
468 693 
692 468 
480 
102 607 862 1444 

6 27 39 414 442 629 638 658 801 1204 1205 


217 1162 

634 653 

633 716 970 



23 744 1185 

30 633 1185 1200 



29 578 711 712 777 


201 202 305 331 341 718 877 
342 119 485 716 881 1218 

721 
720 
723 
722 


653 86 
280 577 568 583 785 872 1340 
634 635 



777 
200 396 656 

1562 



639 640 85 89 650 

673 


1170 


647 748 753 1207 
747 647 753 1207 

751 
750 

648 649 
1505 
445 1065 1098 1130 1155 1444 1459 
353 640 957 968 1237 
8 650 657 1236 1250 



762 
761 
771 835 
1422 


318 353 624 756 1218 1240 1663 



175 763 1322 


691 692 695 


732 



417 313 320 327 328 656 1250 1585 1675 1676 1677 


803 
84 87 
452 




420 421 436 668 684 1517 1533 1555 



614 760 804 864 882 884 944 1338 1372 1420 
460 444 1496 1607 
747 



213 215 330 340 639 642 661 757 781 872 1281 1364 1404 1481 
0 
784 1590 1642 
42 1206 1526 1531 1542 1543 
1639 
487 564 1518 1519 
809 

807 


139 322 530 892 906 909 922 944 993 1002 1013 1046 1243 1476 1654 1659 
844 1473 1651 
506 1648 
590 1253 1553 1568 1620 1631 
546 510 514 520 521 522 535 538 541 1250 
128 501 
1606 
832 1254 
487 565 1157 

117 1212 
948 
832 
497 919 



1253 

828 
824 125 923 1251 1410 1420 1465 1576 


763 
1357 

1539 




478 828 921 1253 1348 1367 
813 1473 
847 

845 

853 

159 335 
911 
849 
990 991 1002 1021 1485 


858 
857 

994 1018 1023 1439 
909 
650 661 
291 884 1467 1545 1556 
470 795 532 573 584 614 760 840 882 884 944 1281 1338 1340 1372 1420 1521 1553 1574 


311 259 312 322 344 874 883 
760 


261 273 204 


760 
204 209 212 214 883 
1269 1283 
201 202 717 305 718 880 
880 
1250 
878 
342 718 485 716 880 1218 
795 864 532 614 760 840 884 944 1338 1372 1420 1574 
884 1436 
883 
802 824 
1037 1156 

587 125 915 1004 1010 
125 908 1022 1050 1417 1430 

892 939 
891 939 
887 
69 592 821 889 891 892 899 900 920 921 1019 1023 1347 1386 1393 1400 1417 1635 
1304 
1649 
588 619 889 919 937 
83 96 112 177 829 887 932 935 958 968 1264 1340 1343 1345 1367 1381 1401 1414 1455 1557 1564 1568 1575 1593 1620 1627 1632 1645 



903 
902 
107 112 152 896 1605 


125 888 1008 
889 125 915 917 1329 
1024 

852 838 917 930 
1000 1374 


908 956 1327 1651 

908 93 140 587 859 918 924 926 1000 1329 1378 1429 1548 
917 140 1000 
825 

843 478 828 1253 1348 1367 
497 828 831 837 925 996 1000 1003 1304 1648 
833 924 1219 
923 833 1010 1219 1564 



88 92 93 490 619 1353 1367 1399 1401 1490 
68 71 115 417 504 696 917 1099 1281 

89 97 619 882 1421 1429 1605 


935 936 1385 
934 936 1385 
934 935 1385 


891 892 




68 



823 


174 952 
951 



915 1327 1651 



959 




1441 

324 325 326 339 353 515 629 678 679 716 756 957 966 972 983 984 
304 326 353 629 678 679 759 957 961 963 967 969 985 989 1234 1237 
970 973 985 
969 353 966 973 985 


969 970 819 985 


1377 

968 

573 1367 1368 1369 1370 1406 
140 350 43 99 518 541 564 584 706 864 1037 1209 1369 1410 1428 1451 1553 1662 
301 340 352 716 966 967 
967 150 324 325 326 339 353 515 629 678 679 716 739 756 957 966 969 972 984 986 989 
967 983 
968 969 970 973 



968 1234 
854 489 991 1002 1021 1648 1653 1654 
854 990 489 1002 1021 1648 1653 1654 


860 1018 
62 496 824 993 1020 1024 
922 998 1061 1648 
998 
997 
507 1000 
507 999 

854 990 991 998 1021 



32 153 

907 588 917 
932 1546 
587 888 924 831 922 1004 1564 



71 1341 



860 994 


854 990 991 1002 
889 1417 1430 
1264 1268 
909 995 125 496 926 993 1004 1242 1248 1266 





1031 
1030 

1563 

436 

886 804 1156 
519 808 1057 1292 1293 
197 206 369 1066 





87 370 1063 1600 
812 1659 

1061 
379 1173 1275 
1443 
310 514 541 1050 1333 1422 
65 1196 
19 20 21 23 34 187 193 196 197 201 207 297 362 364 369 370 376 380 389 398 401 418 424 426 441 442 469 520 529 531 538 539 540 570 572 574 593 594 596 612 613 615 634 635 676 694 722 723 728 730 953 1048 1092 1094 1159 1160 1183 1194 1275 1284 1289 1291 1314 1315 1453 1458 1582 1614 


546 200 464 1043 
1038 519 808 1292 1293 

1041 

1048 632 1052 1056 1278 
687 1048 1129 1210 

519 

1039 197 206 369 1160 
1068 
1067 


1073 
1037 
1071 



1087 1116 1188 

468 526 675 1037 1069 1076 1080 1084 1103 1112 1123 1129 1130 1151 1169 1298 
1079 468 526 675 1037 1069 1076 1084 1103 1112 1123 1129 1130 1151 1169 1298 




704 1091 1116 1145 1191 
645 646 1107 1123 1145 1146 
275 287 1077 1116 


1312 1313 
1037 

1094 
1093 



755 1155 
22 39 307 375 415 417 439 579 642 643 644 645 646 709 1078 1120 1200 1205 1281 1285 1297 1314 1404 



1079 1080 468 526 675 1037 1069 1076 1084 1112 1123 1129 1130 1151 1169 1298 



1086 645 646 1093 1108 1109 1123 1144 1145 1146 1152 


204 280 566 675 698 701 702 773 1081 1082 1084 1109 1137 1147 1148 1149 



1079 
1129 
1077 1087 
698 709 1069 1081 1120 1142 1326 1521 
430 1119 
1118 430 


55 1091 



55 

197 375 470 1285 1301 
1115 
657 1153 


348 349 
253 215 781 


755 768 1138 1139 1140 
1137 755 768 1139 1140 
525 1137 1138 56 361 637 677 755 768 1067 1069 1091 1128 1140 1184 
1137 1138 1139 755 768 1151 1152 1322 

7 12 28 52 64 73 101 113 133 134 142 162 171 207 226 280 292 293 298 324 335 380 383 388 390 391 406 413 422 425 436 437 443 454 457 471 472 473 475 476 483 519 566 602 633 637 666 684 704 743 754 772 774 818 820 826 834 835 836 844 847 859 995 1001 1015 1036 1040 1046 1064 1091 1095 1104 1105 1106 1107 1109 1116 1123 1129 1140 1141 1143 1144 1145 1146 1148 1151 1152 1154 1156 1175 1176 1197 1209 1264 1271 1312 1313 1315 1317 1321 1322 1336 1337 1339 1340 1341 1352 1353 1356 1363 1364 1371 1379 1394 1400 1410 1412 1446 1449 1452 1457 1471 1472 1474 1475 1477 1478 1508 1527 1528 1534 1553 1578 1579 1605 1606 1608 1628 1650 1651 1656 1659 1671 1672 1673 

1107 1093 1109 1145 1152 
1086 1107 645 646 1123 1146 
1086 1107 1145 645 646 1123 
1110 1109 1137 1148 1149 
1110 1147 1109 1137 1149 
1110 1147 1148 1109 1137 
56 1116 1142 1151 
1150 56 1116 1142 

657 1130 1122 

755 1098 
886 1037 
820 453 882 1201 1222 1518 1562 







470 1184 1192 1203 1275 1301 1314 
1164 



744 46 674 1199 1223 1443 
4 

361 431 365 723 
1048 1173 
665 41 451 519 531 532 636 637 687 715 736 778 1038 1062 1200 1210 1216 1418 


1236 



517 
25 54 363 49 51 53 120 215 370 385 446 564 650 749 777 1058 1065 1191 1206 1275 1281 
525 1139 


382 21 86 437 1166 1553 


1049 1191 

1165 
1201 
13 

1052 725 1048 1057 1176 

1224 


1157 453 882 1222 1518 1562 


454 1163 1205 1206 1207 
454 1204 1163 1206 1207 
236 248 804 42 210 454 674 875 882 1087 1163 1369 1410 1453 1484 1491 1520 1526 1531 1542 1543 1562 
747 748 647 753 1350 
488 577 440 783 1417 1543 


8 7 30 332 339 436 444 595 780 811 884 1209 1274 1335 1409 1446 1447 1457 1472 1475 1531 1538 1601 1621 1642 





320 1223 

1562 
406 674 955 1226 



1198 414 

1220 406 674 955 
162 281 116 117 124 176 505 616 1258 1417 1646 




79 1237 

968 989 

1178 67 73 77 353 506 627 805 1229 1515 1576 1602 1620 1637 1671 1672 
79 1232 
1223 



1250 
1244 1252 1253 
1243 1252 1253 

1257 
1229 


1242 
832 1465 

831 



1246 
162 281 1227 116 118 717 831 987 999 1063 1206 1230 


1249 1260 
1001 

1023 1268 
1266 
1024 

1023 1264 1242 
1277 
1273 

1269 
1270 


1277 1319 1427 
1276 1319 1427 

1276 
785 
470 564 864 44 386 422 456 593 1340 1504 1600 

876 715 


413 406 1269 1279 1301 1318 
216 399 







807 808 1289 1290 1292 1293 1303 1304 1308 1324 1326 1341 
1298 1299 

1296 1299 
1296 1298 
1052 1057 1091 1295 


1295 808 1304 1324 1326 


1320 

1325 
1295 1319 1322 1325 


1090 1313 
1090 1312 
398 1297 1315 
1314 197 376 


1286 
1309 1295 1322 1325 
1306 1322 1426 

175 771 1309 1319 1295 1325 

66 531 1047 1295 1304 1308 1323 1326 
1308 1309 1319 1322 1295 
1295 1303 808 1304 1324 
915 956 1651 

908 917 931 
440 441 1626 
1332 1336 1379 1412 


1331 1335 
1334 1331 
1337 1412 


591 1357 
447 
71 1014 1356 
1344 1345 1367 1380 1385 1410 

1342 1345 1351 1380 1385 
1342 1344 1380 1385 
1383 1403 
189 1386 
843 921 478 828 1253 1367 
447 518 529 564 565 583 615 1014 1340 1409 1414 1424 1431 1553 1623 1626 

1415 
1369 1385 1413 
1397 1403 
112 565 900 906 1050 1340 1548 
306 587 72 86 1331 1341 1356 1361 1366 1395 1397 1399 1414 1484 1548 1568 1576 1598 1620 
70 72 812 898 981 1372 1396 1548 1609 1647 
836 
577 615 1489 
281 418 481 
1329 






573 980 1368 1369 1370 1568 
573 980 1367 68 77 1369 1370 1374 1568 1633 
573 980 1352 1367 1368 1370 1410 1413 1568 
573 980 1367 1368 1369 622 1381 1383 1384 1568 

1356 70 72 812 941 981 1218 1394 1548 1609 1647 
871 1363 1384 1405 1407 1585 1588 
912 1368 

591 621 1588 1643 


1331 
1342 1344 1345 1385 
898 83 

1346 1370 1381 1384 1403 
1370 1383 1381 
1342 1344 1345 1380 1336 1351 1356 1357 1367 1410 1412 
1347 

1391 
1388 1479 
249 887 1453 


1394 
1393 
95 70 72 82 92 335 825 850 901 907 911 912 914 923 924 925 928 965 972 1013 1050 1343 1347 1368 1372 1386 1399 1402 
61 72 74 75 125 839 843 918 920 923 1347 1358 1367 1380 1387 1391 1395 1397 1403 1636 
1353 1403 

928 88 92 93 490 619 1353 1367 1401 1490 
894 69 592 821 891 892 899 900 920 1019 1023 1347 1386 1393 1417 
1399 

1346 1353 1383 1397 
1405 
1404 7 29 30 682 772 1481 1482 1531 1585 1634 1659 1675 1676 1677 



1349 1347 
879 1477 
1395 1412 
1336 1411 
1352 1369 
587 898 1355 22 83 96 373 893 937 1050 1331 1340 1353 1356 1357 1358 1361 1366 1377 1381 1395 1399 1475 1564 1568 1576 1597 1598 1620 1624 1637 1645 
1446 1451 1477 1610 















102 129 



920 1013 1401 1576 1621 1648 
883 
61 79 95 99 100 493 

860 112 921 925 1242 1428 1429 

965 

1050 1051 1509 1618 1621 
695 102 607 862 

1447 1474 
1446 1474 
1500 


91 26 359 674 1475 
12 460 488 1470 1491 1531 
86 416 1613 
1455 1456 
1454 1456 
1454 1455 



886 1404 
759 1505 1506 



832 1251 490 843 923 1367 1378 1467 1489 1610 
1464 
863 291 884 1545 1556 
1004 
1410 1484 
1452 1531 


813 844 
1446 1447 
1470 


1142 101 226 476 844 1336 1340 1341 1400 1410 1474 1475 1477 1508 1605 1608 1659 


1405 7 30 682 772 1482 1531 1634 1659 1675 1676 1677 
1405 1481 7 30 682 772 1531 1634 1659 1675 1676 1677 

804 1451 
854 
1487 1510 


1490 
928 1399 1489 88 92 93 490 619 1353 1367 1401 


1494 1614 
1493 1614 

460 796 

416 568 571 584 599 600 609 610 611 612 613 617 784 786 803 1174 1328 1370 1376 1384 1398 1452 1499 1508 1511 1575 1581 1607 1610 1611 1613 
1501 
1448 
1499 
615 1449 1508 1510 
1538 
1491 1499 1607 


43 440 454 568 576 600 1457 1509 1526 1527 1611 

1443 156 584 1618 1621 
1486 161 
571 
325 352 576 1369 1410 1450 1504 


1590 
585 569 614 615 616 617 784 803 933 1582 








1526 1531 
1525 1531 
1507 39 43 440 447 452 454 568 571 576 582 593 594 599 600 610 620 1453 1457 1509 1526 1528 1530 1531 1538 1544 1611 
443 608 794 1201 1219 1485 1486 1491 1520 1523 1525 1526 1527 1530 1531 1533 1535 1555 1560 


1452 1470 1525 1526 
5 291 422 780 1183 1533 1534 
1532 5 291 422 780 1183 1534 
1532 1533 5 291 422 780 1183 
458 444 449 1536 1541 
1539 

1503 
1536 

1609 
804 1206 42 371 1446 1451 1453 1470 1472 1474 1475 1476 1491 1525 1526 1531 1543 1594 1595 1608 





154 







864 1177 1193 1328 1553 1557 1562 1637 






1033 
924 1010 94 831 928 993 1000 1002 1430 1548 

1590 

590 815 1576 
135 1579 


504 584 17 80 285 292 315 335 582 590 591 616 802 813 827 924 993 1033 1339 1420 1548 1573 1578 1580 1602 1603 1621 1622 1648 
1574 
1573 

306 1355 72 86 1264 1341 1366 1395 1397 1598 1620 1635 


1580 
1579 



1589 

772 

621 1373 1376 871 1363 1384 1405 1407 1585 

803 784 1642 
111 159 
100 

1595 1596 1597 1619 1634 1639 
1594 1596 1597 1619 1634 1639 
1594 1595 1597 1619 1634 1639 
1594 1595 1596 1619 1634 1639 
1414 1357 1366 1377 1381 1395 1399 1576 1620 1637 
447 1600 1634 

518 1619 
1603 
1602 

904 
818 1637 
1575 1640 

1541 1436 
1377 
478 
548 455 1578 

582 571 613 1622 


480 
1443 1509 1621 
518 1601 

1443 1509 1618 
582 1614 571 592 613 1400 1416 
32 

1627 
564 606 
1625 


112 805 1498 
937 1050 1420 



69 83 502 814 927 1343 1347 1353 1367 1369 1385 1390 1400 1410 1413 

1556 1606 864 1177 1193 1328 1553 1557 1562 

39 805 448 1578 


803 1590 
86 455 1201 1215 1223 1533 1543 1545 1600 1621 

898 1414 96 112 829 887 932 935 1264 1345 1367 1401 1455 1557 1564 1568 1575 1632 

73 577 1430 
503 506 922 996 68 164 497 831 837 1000 1475 
896 587 889 1430 

915 956 1327 17 87 339 340 590 1663 
505 1674 

812 938 998 1010 1420 1622 
898 



812 1046 



767 



492 
128 826 854 1550 1551 1656 


1425 1672 
1671 1425 

1652 505 1350 
1644 1676 1677 
1675 1644 1677 
1675 1676 1644 
